"S+G2/G1"	"EDU"	"AK leakage"	"Resazurin"	"Cell Number"
"AVPR1B"	0	0.666666666666667	1	-0.333333333333333	0
"CDKN3"	0	0.666666666666667	-0.333333333333333	0	0.333333333333333
"CDKN2D"	0.333333333333333	0.666666666666667	0.333333333333333	-1	-0.666666666666667
"CDKL5"	0	0.333333333333333	0.333333333333333	0	0
"ARAF1"	0	0	-0.333333333333333	-0.333333333333333	-0.333333333333333
"old control"	0.00694444444444444	-0.0347222222222222	-0.152777777777778	0.375	0.145833333333333
"NT"	-0.0694444444444444	-0.541666666666667	0	0.152777777777778	-0.347222222222222
"mediaonly"	0	-0.0138888888888889	-0.00694444444444442	0	0
"cellonly"	0.0405797101449275	0.0521739130434783	-0.0347826086956522	0.278260869565217	0.101449275362319
"HUNK"	0	0.666666666666667	1	-0.333333333333333	-0.666666666666667
"STK32B"	-0.333333333333333	0	0	0	0
"HK2"	0	0	0	1	0.333333333333333
"HIPK3"	0.333333333333333	0	0	-0.333333333333333	0.666666666666667
"APPL"	0	-0.333333333333333	0	1	0.666666666666667
"CDKL1"	0	-1	0	0.333333333333333	0.666666666666667
"ALS2CR7"	0	-0.333333333333333	0	-0.333333333333333	0
"CDK5RAP1"	0	0	0	0.333333333333333	0
"CDK5R2"	0	0.333333333333333	0	0	-0.333333333333333
"CDK5R1"	0	0	0	-0.666666666666667	-0.666666666666667
"RAPGEF3"	-0.333333333333333	0	0.666666666666667	-0.333333333333333	0
"HCK"	0	0	0	-0.666666666666667	-0.333333333333333
"GUCY2D"	-0.333333333333333	-0.333333333333333	0.333333333333333	0.666666666666667	0
"EDN2"	0	0	0	-0.666666666666667	0.333333333333333
"GTF2H1"	0	0	0	0.666666666666667	0
"AKAP8"	0	0	0.666666666666667	0	-0.333333333333333
"CDK11"	0	0	0.333333333333333	-0.666666666666667	0
"CDK10"	0	0.333333333333333	0	0	0
"CDC7"	0	0	0.333333333333333	-1	-0.666666666666667
"CDK11B"	0	0	0	1	0.333333333333333
"DYRK3"	0	0	0	0	0
"GSG2"	0	0	1	-1	-1
"GMFB"	0	0	0	0.333333333333333	0.666666666666667
"CDC2L1"	0	0.333333333333333	1	0	-0.666666666666667
"AKAP1"	0	0	0.666666666666667	0	0
"CDC2"	0.666666666666667	0	-1.33333333333333	0	0
"AK7"	0	0	0	0.333333333333333	0
"AK5"	0	0.333333333333333	0	-0.333333333333333	0.333333333333333
"CCL2"	0	0	0	0	0.666666666666667
"DUSP10"	0	1	-0.666666666666667	0.666666666666667	0
"DTYMK"	0	0	0	0	0.333333333333333
"GALK1"	0	0	0	-1	-0.333333333333333
"ADRBK1"	0	0.333333333333333	0	-0.333333333333333	-0.333333333333333
"CARKL"	0	0	0	-0.333333333333333	0
"ADRB2"	0.333333333333333	0.333333333333333	1	-0.666666666666667	-1
"CARD14"	0	0.666666666666667	0	0.333333333333333	0
"CAMK2D"	0	0	-0.333333333333333	0.333333333333333	0
"PLK1"	0.213333333333333	0.693333333333333	0	0.0133333333333333	0.0533333333333333
"FUK"	0	0	0	0.333333333333333	0.666666666666667
"STYK1"	0	-1	0	-1	-0.333333333333333
"EPHA6"	0	0.333333333333333	0	-0.333333333333333	-0.666666666666667
"FLT4"	0	0	0.333333333333333	0	0
"ACVRL1"	0	0	1	0.333333333333333	0
"CAMK1"	0	0	0	0.666666666666667	0.666666666666667
"C6ORF199"	0	0	0	0	0.666666666666667
"TRIB3"	-0.666666666666667	0	0	0	0
"FLJ34389"	-0.666666666666667	0	-0.666666666666667	0.333333333333333	0
"DDR2"	0	0	0	-0.333333333333333	0
"LRRK1"	0	0	0	0	0.333333333333333
"DCK"	0	0	1	-1	-1
"BUB1B"	0	0	0	0	-0.333333333333333
"BRAF"	0	0	0	0.333333333333333	0
"CIT"	-0.666666666666667	0	0.333333333333333	0.333333333333333	0.666666666666667
"CSNK2A2"	0	0	-0.666666666666667	0	-0.333333333333333
"FLJ10761"	0	0	0	-0.666666666666667	0.333333333333333
"CSNK1G1"	0.333333333333333	0	0	0	0.666666666666667
"FGFR3"	0	0.333333333333333	-0.333333333333333	0	0
"CSNK1E"	0	-0.333333333333333	0	0.333333333333333	0
"FGFR2"	0	0	-0.666666666666667	0	0
"CHKA"	0	0	-1	0	0.666666666666667
"CHEK1"	0.666666666666667	0	0	-0.666666666666667	-0.666666666666667
"BCR"	0	1	1	-0.666666666666667	-1
"BCKDK"	0	0	-0.333333333333333	0	0
"AATK"	0	0	0	-0.666666666666667	-0.666666666666667
"AZU1"	0	0	0.333333333333333	0	-1
"FES"	0	0	-1	1	0.666666666666667
"CSK"	0	1	0	1	0
"CSF1R"	0	1	-0.333333333333333	0	0.333333333333333
"COPB2"	1	-0.666666666666667	0	0	0
"ERK8"	0	0.333333333333333	0	0	-0.333333333333333
"ERBB4"	0.333333333333333	1	0	0.333333333333333	0.666666666666667
"CNKSR1"	0.333333333333333	-1	0	-1	-1
"NEK3"	0	0	0	0	0.666666666666667
"MAP3K11"	0.333333333333333	-0.333333333333333	0	-0.333333333333333	-0.666666666666667
"NEK1"	0	0	0	0	0
"MAP2K7"	0	0	0	-0.333333333333333	-0.666666666666667
"COASY"	0	0	0	0	0
"PIP5K1A"	0	0	0	0	0.333333333333333
"RAGE"	0	0	0	0.666666666666667	0
"MYLK2"	1	-1	0.666666666666667	-0.666666666666667	-0.666666666666667
"MVD"	0	1	0	-0.333333333333333	0.333333333333333
"MAK"	0	0	-0.333333333333333	-0.333333333333333	0
"MUSK"	0	0.333333333333333	0	-1	0.666666666666667
"PTPN5"	0	0	-0.666666666666667	0	0.666666666666667
"PTK9"	0	0	0	-0.666666666666667	0
"PIK3C2A"	0	0.666666666666667	1	-0.333333333333333	-0.333333333333333
"LYN"	0	0	0	-0.333333333333333	0
"NRBP2"	0	0.666666666666667	0	0	-0.333333333333333
"MINK"	0	0	0	-1	-1
"PRPF4B"	0	0.333333333333333	0	-0.666666666666667	0
"PFTK1"	0	-0.333333333333333	0	-0.333333333333333	-0.333333333333333
"PRKY"	0	0	0	-0.333333333333333	0
"PFKP"	0	0	0	-1	0
"PRKWNK3"	0	-0.666666666666667	0	0	0
"LCP2"	0	0	0	-0.333333333333333	0
"UHMK1"	-1	0	-0.333333333333333	0	0.333333333333333
"PFKFB1"	0	0	0	0.333333333333333	0
"PRKR"	0	0	0	0.333333333333333	0
"PDGFRB"	0	1	0	-0.666666666666667	0
"LMTK3"	0	-0.666666666666667	-0.666666666666667	-0.666666666666667	0
"MERTK"	0.333333333333333	0	0.666666666666667	-1	-1
"KIAA1804"	0	0	0	0.333333333333333	-0.333333333333333
"MATK"	0	0	0	-0.333333333333333	0
"MAST2"	0	1	0	-0.666666666666667	-0.333333333333333
"MARK4"	0	0	0	0.333333333333333	-1
"KIAA0999"	0.333333333333333	0	0	0	0.666666666666667
"MARK3"	0	0	0.666666666666667	-1	-1
"MARK2"	0	0	0	0	0
"PCTK3"	0	-0.666666666666667	1	0	0
"PCTK1"	0	0	0.666666666666667	-0.666666666666667	-0.333333333333333
"PRKCH"	0	0	0	-0.666666666666667	0
"PANK4"	0	0	0	0	0
"JAK2"	0	1	0	0.666666666666667	0.333333333333333
"MAPK8IP2"	0	-1	0	-0.666666666666667	-0.333333333333333
"PRKCA"	0	0	0	0.666666666666667	0
"PRKAR2B"	0	0	0	-0.666666666666667	0
"PRKAG3"	0.333333333333333	0	0	0	-0.333333333333333
"ITPK1"	0	0	-0.333333333333333	0.666666666666667	0.666666666666667
"IRS1"	0	0.666666666666667	0	-0.333333333333333	-1
"MAPK3"	0	0	-1	0	0
"MAPK12"	0	1	1	-1	-1
"MAPK10"	0	0	0	0.333333333333333	0
"MAP4K5"	0	0	0	0.333333333333333	0
"PACE-1"	0	-1	0	0	0
"PRKAA2"	0.333333333333333	0	0	-0.666666666666667	-1
"OSR1"	0	0	0	0.666666666666667	0
"PPP2CA"	0	0	-0.666666666666667	0	0
"NTRK1"	0	0	0	0	0
"EXOSC10"	0	0	0	0	0.333333333333333
"MAP3K9"	0	0.333333333333333	0.666666666666667	-0.666666666666667	0
"MAP3K4"	0	0	0	0.333333333333333	0
"NPR1"	0	0	-0.666666666666667	-0.666666666666667	0.666666666666667
"PKM2"	0	-0.333333333333333	0	0.333333333333333	0
"NME3"	0	0	0	0	0.666666666666667
"NME1"	0	-1	0	1	0
"AURKA"	0.666666666666667	0	0.666666666666667	-1.33333333333333	-0.333333333333333
"STK39"	-0.666666666666667	0	0	0	0
"STK38L"	0	0.333333333333333	0.666666666666667	-0.333333333333333	0
"STK38"	0	0.333333333333333	0	0	0
"STK22C"	0	-1	0	0	-0.666666666666667
"PLK4"	0	0	0	0	0.666666666666667
"STK11"	0	0	0	-1	-0.333333333333333
"ABI1"	-0.333333333333333	0	0	1	1
"WEE1"	1	0	0	0	0
"SPA17"	0	-1	0	-0.333333333333333	-0.666666666666667
"SNRK"	0	0	0.666666666666667	-0.666666666666667	-0.333333333333333
"PLK2"	0	0	0	-0.333333333333333	0
"SMG1"	0	0	1	0	0
"TTK"	0	0	-1	0.666666666666667	0
"SHC1"	0	0.333333333333333	0	0	1
"TTBK2"	0	0	0	-0.666666666666667	-0.333333333333333
"SEPHS1"	0	0	0	-0.333333333333333	0
"TRIM"	0	0	0	0	0.666666666666667
"RPS6KL1"	0	0.666666666666667	0	0	0
"TNK1"	0	0	0	-1	0
"TLR6"	0	0	0	0	-0.333333333333333
"TLR4"	0	0	0	-0.666666666666667	-0.666666666666667
"RPS6KA2"	0	-1	-0.666666666666667	0	1
"TK1"	0	-0.333333333333333	0	0	0
"ROR2"	0	0	0	0	-0.666666666666667
"TEX14"	0	0.333333333333333	0.333333333333333	-0.666666666666667	-0.333333333333333
"TESK1"	0	-1	-0.666666666666667	0	0
"AVPR1A"	0	0	0	0.333333333333333	0
"AURKB"	-0.333333333333333	-1	0.666666666666667	-0.666666666666667	0
"HIPK4"	0	0.666666666666667	0	0.333333333333333	0.666666666666667
"ACVR1C"	0	0	0	0	1
"EPHA2"	0	0	0	0.333333333333333	0
"GUK1"	0	0	0	0	-0.666666666666667
"EEF2K"	0	0	0	0	0
"AKT3"	0	0.666666666666667	0	-0.333333333333333	0
"CDK4"	0	0.666666666666667	0	0	0
"AKT2"	0	1	0.333333333333333	-0.333333333333333	-0.333333333333333
"CDK3"	0.333333333333333	0.333333333333333	0	0	-0.333333333333333
"AKT1"	0	-0.333333333333333	0.333333333333333	-0.666666666666667	-0.666666666666667
"CDK2"	0	1	0	0	0
"GSK3A"	0	0	0	0	0.666666666666667
"DUSP5"	0	0.666666666666667	0	0	0
"AKAP11"	0	0	0	0.333333333333333	0.666666666666667
"CD4"	0	0	-0.666666666666667	0	0
"AK2"	0	0.333333333333333	0.666666666666667	0	0
"CCRK"	0	0	0	-0.333333333333333	-0.333333333333333
"AK1"	0	0.666666666666667	-0.333333333333333	0	0
"CASK"	0	-1	0	-1	0
"GK2"	0	0	0	0.333333333333333	0.666666666666667
"DNAJC3"	0	1	0	-1	0
"FYN"	0	0	0	0	1
"ADRA1A"	0	0.333333333333333	0	0	0
"ADCK1"	0	0.666666666666667	0	0	0
"ADAM9"	0	0	0	0	1
"CAMK2B"	0	0.666666666666667	0	0	-0.333333333333333
"DLG1"	0	0.333333333333333	0	0	1
"DKFZP761P0423"	0	0	-0.666666666666667	0	0
"FRAP1"	0	0	0	0.666666666666667	0
"DGKQ"	0	0	0	0	0.333333333333333
"TPRXL"	0	0	1	-0.333333333333333	-0.333333333333333
"CAMK2A"	0	0	-0.666666666666667	-0.333333333333333	0
"ACVR2B"	0	0	0	-0.333333333333333	-1
"ACVR1"	0	0.666666666666667	0	0	0
"CLK4"	0	0.666666666666667	0	0	0
"DGKG"	0	0	0	0	0
"DGKE"	0	0.333333333333333	0.666666666666667	0	-0.666666666666667
"DGKD"	0	0.666666666666667	0	0	0
"THNSL1"	0	0	0	-0.666666666666667	-0.666666666666667
"DCAMKL1"	0	0.666666666666667	0	0	0
"MASTL"	0	0	-0.666666666666667	0.333333333333333	0
"CLK2"	0	0	0	0	0
"TP53RK"	0	0	-0.333333333333333	0	0
"CKS2"	0	0	0	0	-0.333333333333333
"BUB1"	0	0	-0.666666666666667	0	0
"BMX"	0	0.333333333333333	0	0.666666666666667	0
"BMPR2"	0	0.666666666666667	0	0	0.333333333333333
"DAPK2"	0	-1	0	-0.333333333333333	0.333333333333333
"FLJ13052"	0	0.333333333333333	0	-0.666666666666667	0
"DAPK1"	-0.333333333333333	0	-1	1	1
"FLJ12476"	0	0	-0.333333333333333	0.333333333333333	0
"CXCL10"	0	0	0	0	0
"CSNK2B"	0	0	-0.333333333333333	0	1
"FLJ10074"	0	0	0	0	-0.666666666666667
"CHUK"	0	0	-1	0	0
"BMPR1B"	0	0	-1	0.333333333333333	0
"CHRM1"	0	0	0	0.333333333333333	0.333333333333333
"BMPR1A"	0	0	-0.666666666666667	0	0
"CHKB"	0	0	0	-0.666666666666667	-0.666666666666667
"BLNK"	0	1	0.333333333333333	0	0.333333333333333
"CHEK2"	0	0	0	0	0
"AAK1"	0	0.333333333333333	0	0.666666666666667	0.666666666666667
"CSNK1D"	0	1	0	0	1
"FGFR1"	0	0	-0.666666666666667	0.666666666666667	1
"CSNK1A1"	0	0	-1	0.333333333333333	1
"FASTK"	0.333333333333333	0	0	-0.333333333333333	0
"CRKL"	0	0	0	-0.333333333333333	1
"CRK7"	0	0	-1	0	0
"COL4A3BP"	0	0	0	0	0.333333333333333
"PLK3"	0	0	-1	0.666666666666667	1.33333333333333
"ERBB2"	0	0	0	0.333333333333333	0
"MAP3K2"	0	0	-0.333333333333333	0	0
"MAP3K13"	0	0	0	0	0.666666666666667
"NEK2"	0	0	0	0	0.666666666666667
"MAP3K10"	0	0.666666666666667	0	0.333333333333333	0
"NEK11"	0.333333333333333	-0.333333333333333	0	-1	-0.333333333333333
"MAP2K6"	-0.333333333333333	-0.333333333333333	1	-0.333333333333333	-0.333333333333333
"PIP5K2A"	0	0	0	-1	0
"PIK3R3"	0.333333333333333	-0.333333333333333	1	-0.666666666666667	0
"MAP2K5"	0	0	0	0.333333333333333	0.666666666666667
"MAP2K4"	0	0	0	-0.333333333333333	0.333333333333333
"MAP2K3"	0	0.666666666666667	0	-0.333333333333333	0
"MAP2K2"	0	1	0	0.333333333333333	0
"MVK"	0	1	0	-0.333333333333333	0
"PIK3CG"	0	0.666666666666667	0	0	0.333333333333333
"PSKH1"	0	0.666666666666667	-0.333333333333333	1	0
"TAO1"	0	0	0	0.333333333333333	0
"LYK5"	0	0	0	-0.333333333333333	0
"MPP1"	0	0.666666666666667	0	0	0
"PRPS1L1"	0	0	0	0	-0.666666666666667
"PRPSAP1"	0	0	0	0	1
"MGC8407"	0	0.333333333333333	-0.333333333333333	0	0.666666666666667
"MGC5601"	0	0.666666666666667	-0.333333333333333	0	0.333333333333333
"LCK"	0	0.666666666666667	0	0	0
"PIP5KL1"	0	1	0	-0.333333333333333	0
"MGC45428"	0.666666666666667	-0.333333333333333	0	-1	-1
"CSNK1A1L"	0	1	0	0.666666666666667	0.666666666666667
"MGC26597"	0	0.666666666666667	0	0	0.333333333333333
"PFKFB3"	0	0	0	0	0
"PRKRA"	0	0	-0.666666666666667	0	0
"PDPK1"	0	0	0	-0.333333333333333	1
"PRKDC"	0	0	0	-0.333333333333333	0.666666666666667
"PDK2"	0	0.666666666666667	0	-0.666666666666667	0
"PDK1"	0	1	0	-0.333333333333333	0
"KIF13B"	0	0	0	-0.333333333333333	0
"KIAA1811"	0	0.666666666666667	0	0	0
"PDGFRA"	0	1	0	0	1
"PRKCB1"	0	0.666666666666667	0	0	0
"TNIK"	-0.333333333333333	0	0	0	0
"MARK1"	0	0	0	0.333333333333333	1
"KHK"	0	0	0	-0.666666666666667	0
"MAPKAPK3"	0	0.666666666666667	0.666666666666667	0.333333333333333	0
"JIK"	0	0	0	0	-0.666666666666667
"PAK1"	0	1	0	0	0
"ITK"	-0.333333333333333	0	0	0.333333333333333	0
"MAPK4"	0	0	-0.666666666666667	0.333333333333333	0
"IRAK2"	0	0.666666666666667	0	0	0
"MAPK13"	0	0.666666666666667	0	0.333333333333333	0
"INSR"	0	0	0	0	0.666666666666667
"PPP4C"	0	0	0	-0.333333333333333	0.333333333333333
"NTRK3"	0	0	-0.333333333333333	0.333333333333333	0
"PPP1R1B"	0	-0.666666666666667	0	-0.333333333333333	-0.666666666666667
"NPR2"	0	0	0	0.333333333333333	0
"ILK"	-0.333333333333333	0.333333333333333	-0.666666666666667	0	0.666666666666667
"MAP4K4"	0	0	-0.333333333333333	0	0.333333333333333
"IL2"	0	0	0	0	0.666666666666667
"MAP4K3"	0	0	0	0	1
"IKBKE"	0	0	-0.666666666666667	0.666666666666667	0.333333333333333
"IKBKB"	0	0	-0.666666666666667	0	0.333333333333333
"MAP3K7"	0	0.333333333333333	0.333333333333333	-0.666666666666667	-0.333333333333333
"PKN3"	0	1	-0.333333333333333	0.333333333333333	0.333333333333333
"PKMYT1"	0	0	-0.666666666666667	1	0.333333333333333
"NME6"	0	0	-1	0	0.333333333333333
"NME5"	0	0	0	0.333333333333333	0.333333333333333
"PKLR"	0	0	-0.666666666666667	-0.333333333333333	0
"PKIA"	0	0.333333333333333	0	0	0.666666666666667
"PITPNM3"	0	0	0	-0.333333333333333	-0.333333333333333
"NLK"	0	0	-0.666666666666667	0	0.333333333333333
"STK4"	0	0.333333333333333	0	0	0
"STK29"	0	0	0	0.333333333333333	0
"STK25"	0	0	0	0.333333333333333	0
"STK22D"	0	0	0	-0.666666666666667	0
"STK22B"	0	0	0	0	0.666666666666667
"STK17A"	-0.333333333333333	-0.333333333333333	-0.333333333333333	-0.333333333333333	0.666666666666667
"SSTK"	0	0.333333333333333	0	-1	-1
"SQSTM1"	0	0	-1	0	0.666666666666667
"SPHK1"	0	0.666666666666667	0	-0.666666666666667	0
"UCK1"	0	1	0	-0.333333333333333	-0.666666666666667
"SNF1LK"	0	0	0	0	0.666666666666667
"TYK2"	0	0.666666666666667	0	0	-0.333333333333333
"SCYL1"	0	0	0	0.333333333333333	0.666666666666667
"TRIO"	0	0	0	-0.333333333333333	0
"SAST"	0	1	0	0	0
"KALRN"	0	0	0.666666666666667	-1	-0.333333333333333
"TLR3"	0	0	0	0	0
"RPS6KA3"	0	0	0	0	-0.666666666666667
"TLR1"	0.333333333333333	0	0	-0.333333333333333	0
"RNASEL"	0	0.333333333333333	0	-1	0
"TESK2"	0	0	-1	0.333333333333333	1
"RIPK2"	0	0.666666666666667	0	0.333333333333333	0
"TBK1"	0	0.333333333333333	-0.333333333333333	0	0
"RBKS"	0	0	0	0	0
"AURKC"	0	0	1	-1.33333333333333	-0.666666666666667
"CDKN1C"	-0.333333333333333	0	0.333333333333333	0.333333333333333	-0.666666666666667
"ARK5"	0	0	0	0.333333333333333	0
"EPHB6"	0	0	0	0.666666666666667	0
"EPHB4"	0	0	0	1	0
"EPHB3"	0	-0.333333333333333	0	0.666666666666667	-0.333333333333333
"HSMDPKIN"	0	0	0	1	0
"EPHA5"	0	0	0	0.666666666666667	0
"APEG1"	0	0	0	0.666666666666667	0.333333333333333
"ANGPT4"	0.333333333333333	-0.666666666666667	0	0	0
"ALK"	-0.333333333333333	0	0.333333333333333	0	-0.666666666666667
"GUCY2C"	0	0	0	0.666666666666667	0
"AKAP13"	0	0	0	0.666666666666667	0
"GSK3B"	0	0	0	0.333333333333333	0
"GRK4"	0	-1	0.666666666666667	-1	-1
"GNE"	0	0	0	0	0.666666666666667
"CCL4"	0	0	0	-0.666666666666667	-0.666666666666667
"DUSP2"	0	0	0	0.666666666666667	0
"GFRA2"	0	0	0	0	0.666666666666667
"DMPK"	0	0	0	-0.666666666666667	0
"CAMKK2"	0	0	0	-1	0
"ADCK5"	0	-0.333333333333333	0	0	0.333333333333333
"FN3KRP"	0	0	0.666666666666667	-0.333333333333333	0
"CAMK1G"	0	0	0	0.333333333333333	0.666666666666667
"ACVR2"	0	0	0	0.333333333333333	0.666666666666667
"CALM3"	0	-1	0	0	0
"DAPK3"	0	0	0	-0.333333333333333	-1
"CLK1"	0	0	0	0.666666666666667	0
"BMP2K"	0	0	-0.333333333333333	1	0
"CERK"	0	0	0	0.666666666666667	0
"AXL"	0	0	0	0.666666666666667	0
"FER"	0	0	0	0.666666666666667	0.333333333333333
"EVI1"	0	0	0	0	-0.333333333333333
"NEK7"	0	0	0	0.666666666666667	0
"MAP3K14"	0	0.333333333333333	0	0.666666666666667	0
"NBEA"	0	0	0	0.666666666666667	0.333333333333333
"RAF1"	0	-1	0	0.333333333333333	0
"MAGI-3"	0	0	0.666666666666667	-0.333333333333333	-0.666666666666667
"RP6-213H19.1"	0	0	0	0.666666666666667	0.333333333333333
"PIK3CA"	0	0	0	-1	-0.333333333333333
"PI4K2B"	0	0	0	-0.666666666666667	-0.666666666666667
"MPP2"	0	0.333333333333333	0	-0.666666666666667	0
"MIDORI"	0	-0.666666666666667	0	0	0
"PRPSAP2"	0	-1	1	0	-0.333333333333333
"PHKA2"	0	0	0.333333333333333	0	-0.666666666666667
"PFKL"	0	-1	0	0	0.333333333333333
"PRKWNK2"	0	0	0	0.666666666666667	0.333333333333333
"PDLIM5"	0	0	0	0.333333333333333	0
"MGC4796"	0	0	0	-0.333333333333333	0.333333333333333
"LATS1"	0.333333333333333	0.333333333333333	0	-0.666666666666667	0
"C9ORF96"	0	0	0	-0.666666666666667	0
"KSR2"	1	0	1	-1	-0.666666666666667
"PRKCN"	0	0	1	-1	-1
"PRKCL1"	0	0	0	1	0.333333333333333
"ITPKB"	0	0	0	0.666666666666667	0
"MAPK7"	0	0	0	0.666666666666667	0
"PANK3"	0	0	-0.333333333333333	0.666666666666667	1
"PRKCABP"	0	0	0	0.666666666666667	0
"PANK1"	0	0	0	0.333333333333333	0
"PAG"	0	0	0	0.666666666666667	0
"PRKACB"	0	0	0	0.666666666666667	0
"MAPK6"	0	0	0	1	0
"IRAK3"	0	0	0.666666666666667	-0.333333333333333	-0.666666666666667
"ILKAP"	0	0	0	1	0
"P15RS"	0	0	-0.333333333333333	1	0.333333333333333
"PRKAA1"	0	0	0	0.333333333333333	0.333333333333333
"NTRK2"	0	0	0	1	0
"IKBKAP"	0	0	0	1	0.666666666666667
"MAP3K8"	0	0	0	0.333333333333333	0
"IHPK1"	0	0	0	0.333333333333333	-0.333333333333333
"MAP3K6"	0	0	0	0.666666666666667	0
"ICK"	0	0	0	1	0
"NME7"	0	0	0	0.666666666666667	0.333333333333333
"NME4"	0	0.333333333333333	-0.333333333333333	1	0
"NME2"	0	0	-0.333333333333333	1	0
"STK32C"	0	0	0	1	0.333333333333333
"STK36"	0	0	0.666666666666667	0	-0.666666666666667
"STK35"	0	-0.666666666666667	0	0	-1
"STK16"	0	0	1	0	-0.666666666666667
"YES1"	0	0	0	-0.666666666666667	0
"VRK1"	0	0	-0.333333333333333	-0.666666666666667	0
"SPHK2"	0	0.333333333333333	0	-0.333333333333333	-0.666666666666667
"UMPK"	0	0.333333333333333	0	-0.666666666666667	0.333333333333333
"ULK2"	0	0	0	-0.666666666666667	0
"SCAP1"	0	0.333333333333333	0	0.333333333333333	0.666666666666667
"TGFBR1"	0	0	1	-0.666666666666667	-1
"RIPK3"	0	0	-0.333333333333333	0.666666666666667	0
"SYK"	0	-1	0	0	0.333333333333333
